font.png

! 0 0 8 8
" 8 0 8 8
# 16 0 8 8
$ 24 0 8 8
% 32 0 8 8
& 40 0 8 8
' 48 0 8 8
( 56 0 8 8
) 64 0 8 8
* 72 0 8 8
+ 80 0 8 8
, 88 0 8 8
- 96 0 8 8
. 104 0 8 8
/ 112 0 8 8
0 120 0 8 8
1 128 0 8 8
2 136 0 8 8
3 144 0 8 8
4 152 0 8 8
5 160 0 8 8
6 168 0 8 8
7 176 0 8 8
8 184 0 8 8
9 192 0 8 8
: 200 0 8 8
; 208 0 8 8
< 216 0 8 8
= 224 0 8 8
> 232 0 8 8
? 240 0 8 8

@ 0 15 8 8
A 8 15 8 8
B 16 15 8 8
C 24 15 8 8
D 32 15 8 8
E 40 15 8 8
F 48 15 8 8
G 56 15 8 8
H 64 15 8 8
I 72 15 8 8
J 80 15 8 8
K 88 15 8 8
L 96 15 8 8
M 104 15 8 8
N 112 15 8 8
O 120 15 8 8
P 128 15 8 8
Q 136 15 8 8
R 144 15 8 8
S 152 15 8 8
T 160 15 8 8
U 168 15 8 8
V 176 15 8 8
W 184 15 8 8
X 192 15 8 8
Y 200 15 8 8
Z 208 15 8 8
[ 216 15 8 8
\ 224 15 8 8
] 232 15 8 8
^ 240 15 8 8

_ 0 30 8 8
` 8 30 8 8
a 16 30 8 8
b 24 30 8 8
c 32 30 8 8
d 40 30 8 8
e 48 30 8 8
f 56 30 8 8
g 64 30 8 8
h 72 30 8 8
i 80 30 8 8
j 88 30 8 8
k 96 30 8 8
l 104 30 8 8
m 112 30 8 8
n 120 30 8 8
o 128 30 8 8
p 136 30 8 8
q 144 30 8 8
r 152 30 8 8
s 160 30 8 8
t 168 30 8 8
u 176 30 8 8
v 184 30 8 8
w 192 30 8 8
x 200 30 8 8
y 208 30 8 8
z 216 30 8 8
{ 224 30 8 8
| 232 30 8 8
} 240 30 8 8

~ 0 45 8 8
